30 39
1 3 3 0 0 0
2 2 3 1 0 1
3 3 2 0 1 1
4 2 2 1 1 1
5 1 3 2 0 1
6 3 1 0 2 1
7 3 2 0 1 0
8 2 3 1 0 0
9 2 2 1 1 1
10 1 2 2 1 1
11 2 1 1 2 1
12 3 0 0 3 1
13 2 3 1 0 0
14 3 1 0 2 0
15 3 2 0 1 0
16 2 1 1 2 1
17 1 1 2 2 1
18 2 0 1 3 1
19 2 1 1 2 0
20 2 2 1 1 0
21 1 2 2 1 0
22 1 3 2 0 0
23 0 2 3 1 1
24 0 3 3 0 0
25 0 1 3 2 1
26 0 2 3 1 0
27 1 1 2 2 0
28 2 1 1 2 0
29 0 0 3 3 1
30 1 0 2 3 1
1 2
1 3
1 4
1 5
1 6
4 7
4 8
6 7
7 9
7 10
7 11
7 12
9 13
12 15
12 14
14 16
14 17
14 18
15 9
15 10
15 11
17 19
17 20
17 21
17 22
20 16
20 18
20 23
23 21
23 22
23 24
24 25
25 21
25 26
25 27
25 28
26 29
27 29
27 30